Atoms: 12  Mode #:  1 Freq: -0.03215151079108537 cm-1,Mass weighted displacment dq is: 
 [-2.93644459e-07 -4.92785087e-07  3.92117262e-01 -2.93636276e-07 -4.92749762e-07  3.92122135e-01 -2.93615124e-07 -4.92747606e-07  3.92122135e-01 -2.93582590e-07 -4.92783823e-07  3.92117263e-01 -2.93603667e-07 -4.92815049e-07  3.92122134e-01 -2.93628676e-07 -4.92814249e-07  3.92122134e-01 -8.50730589e-08 -1.42756479e-07  1.13611955e-01 -8.50654888e-08 -1.42740176e-07  1.13615227e-01 -8.50524274e-08 -1.42732983e-07  1.13615227e-01 -8.50353265e-08 -1.42754168e-07  1.13611956e-01 -8.50481193e-08 -1.42768454e-07  1.13615227e-01 -8.50627426e-08 -1.42766589e-07  1.13615227e-01]
Atoms: 12  Mode #:  2 Freq: -0.007186451233536203 cm-1,Mass weighted displacment dq is: 
 [ 2.56005212e-08  3.92127697e-01  3.58972466e-07 -1.44658874e-06  3.92125311e-01  3.59099650e-07  1.49803727e-06  3.92125311e-01  3.59278690e-07  2.58600884e-08  3.92127697e-01  3.59235815e-07 -1.44644238e-06  3.92125311e-01  3.59116720e-07  1.49790032e-06  3.92125311e-01  3.59015184e-07  7.39755438e-09  1.13596114e-01  1.03984763e-07 -9.82805392e-07  1.13594175e-01  1.04047533e-07  9.97708733e-07  1.13594175e-01  1.04111667e-07  7.50723093e-09  1.13596114e-01  1.04073128e-07 -9.82740008e-07  1.13594175e-01  1.04016872e-07  9.97646417e-07  1.13594175e-01  1.03990494e-07]
Atoms: 12  Mode #:  3 Freq: -0.0017413433979744674 cm-1,Mass weighted displacment dq is: 
 [-3.92126313e-01 -1.22179123e-06 -2.76213756e-07 -3.92126019e-01 -9.95350610e-07 -2.75683803e-07 -3.92126019e-01 -1.44826164e-06 -2.75729684e-07 -3.92126313e-01 -1.22181383e-06 -2.76271126e-07 -3.92126019e-01 -9.95325727e-07 -2.76749951e-07 -3.92126019e-01 -1.44823387e-06 -2.76785946e-07 -1.13595278e-01 -3.53941982e-07 -7.99982315e-08 -1.13594538e-01 -8.19664993e-07 -7.97124747e-08 -1.13594538e-01  1.11784491e-07 -7.97511945e-08 -1.13595278e-01 -3.53948605e-07 -8.00465757e-08 -1.13594538e-01 -8.19652171e-07 -8.03081928e-08 -1.13594538e-01  1.11788028e-07 -8.03094595e-08]
Atoms: 12  Mode #:  4 Freq: 2.379122749832357 cm-1,Mass weighted displacment dq is: 
 [ 3.62450417e-01  1.32548741e-10 -3.06489760e-10  1.81194354e-01 -3.13959958e-01 -2.22368215e-10 -1.81194354e-01 -3.13959958e-01  1.61324929e-10 -3.62450417e-01  1.22298761e-10  4.11211299e-10 -1.81194354e-01  3.13959958e-01  2.46174464e-10  1.81194354e-01  3.13959958e-01 -1.03951999e-10  1.87826357e-01  3.85287150e-11 -1.29451693e-10  9.38902454e-02 -1.62658692e-01 -1.13479421e-10 -9.38902454e-02 -1.62658692e-01  5.35231666e-11 -1.87826357e-01  3.64367514e-11  1.83384554e-10 -9.38902454e-02  1.62658692e-01  1.26523787e-10  9.38902454e-02  1.62658692e-01 -2.28792161e-11]
Atoms: 12  Mode #:  5 Freq: 3.2271929986208834 cm-1,Mass weighted displacment dq is: 
 [-5.06583112e-10  7.59687593e-11  7.32564025e-09 -4.85893184e-10  1.18789432e-10 -4.43906630e-01 -4.75907469e-10  1.26921001e-10 -4.43906637e-01 -4.35334065e-10  6.50535694e-11 -6.99167898e-09 -4.55346427e-10  2.01975450e-11  4.43906630e-01 -4.82347494e-10  3.52369676e-11  4.43906637e-01 -1.51198790e-10  1.92932280e-11  3.81429604e-09 -1.42286000e-10  3.18109587e-11 -2.30101933e-01 -1.36642156e-10  4.29737014e-11 -2.30101937e-01 -1.11742692e-10  2.16992342e-11 -3.58185120e-09 -1.27409797e-10  4.53626784e-12  2.30101933e-01 -1.38515178e-10  6.08042305e-12  2.30101937e-01]
Atoms: 12  Mode #:  6 Freq: 3.2907107178357666 cm-1,Mass weighted displacment dq is: 
 [ 2.69241839e-10  8.60145465e-11  5.12627178e-01  1.68679775e-10 -1.10036460e-10  2.56308617e-01 -7.55481095e-11 -1.16610990e-10 -2.56308604e-01 -2.35287131e-10  1.28164744e-10 -5.12627178e-01 -1.18566573e-10  3.43530605e-10 -2.56308617e-01  1.29460658e-10  3.27666948e-10  2.56308604e-01  1.22365940e-10  2.43665612e-11  2.65616439e-01  7.00641702e-11 -7.42547873e-11  1.32802631e-01 -5.84856342e-11 -9.45429632e-11 -1.32802624e-01 -1.37861863e-10  3.68352306e-11 -2.65616439e-01 -6.21691990e-11  1.44409717e-10 -1.32802631e-01  6.33705837e-11  1.40872335e-10  1.32802624e-01]
Atoms: 12  Mode #:  7 Freq: 396.1405057428556 cm-1,Mass weighted displacment dq is: 
 [ 2.47540733e-11 -4.31673530e-11 -1.04821640e-07  4.95951916e-11  8.75442197e-12  4.17691061e-01  6.89440016e-11 -6.58998069e-12 -4.17690957e-01  3.30999360e-12  7.47026766e-11 -1.04800081e-07 -1.50433457e-11  4.44416162e-11  4.17691061e-01 -2.65245988e-11  2.95985348e-11 -4.17690957e-01  1.54048461e-11 -1.83334032e-11 -6.88893423e-08 -8.66586774e-12  2.99558810e-11  2.74834932e-01  8.89861623e-14 -2.05182565e-11 -2.74834863e-01  1.56550578e-11  2.69045579e-11 -6.88927352e-08  1.31887167e-11 -1.99498156e-11  2.74834932e-01 -4.38185840e-13  6.35337033e-12 -2.74834863e-01]
Atoms: 12  Mode #:  8 Freq: 396.2480065008748 cm-1,Mass weighted displacment dq is: 
 [ 2.27524839e-11  1.21661988e-11 -4.82475105e-01  6.27601150e-12 -2.15299491e-11  2.41112154e-01 -8.21747925e-12 -2.88391719e-11  2.41112336e-01 -3.33571662e-12 -3.59223621e-11 -4.82475105e-01 -3.52930018e-12  1.19214936e-12  2.41112154e-01  1.54106056e-11  1.52548091e-11  2.41112336e-01  2.26070186e-12  4.57157764e-12 -3.16946369e-01  2.30261506e-12 -9.46903872e-12  1.58890693e-01  3.24077464e-12  1.07647972e-12  1.58890813e-01 -1.18311517e-11 -1.09678947e-11 -3.16946369e-01 -4.70951056e-12 -4.40027571e-12  1.58890693e-01  4.53751575e-12  3.29774747e-12  1.58890813e-01]
Atoms: 12  Mode #:  9 Freq: 605.7672177550306 cm-1,Mass weighted displacment dq is: 
 [-9.37534272e-08 -5.07011189e-01 -1.90582653e-11  3.11582525e-01 -3.31708805e-02 -6.19981962e-11  3.11582813e-01  3.31706062e-02  8.84666383e-11  9.37480450e-08  5.07011189e-01  1.02725633e-10 -3.11582525e-01  3.31708805e-02  7.73421031e-11 -3.11582813e-01 -3.31706062e-02  1.56493077e-10  4.31365517e-08 -1.46517864e-01 -1.74126098e-10  2.09598960e-02  1.10057735e-01 -9.58657335e-11  2.09600142e-02 -1.10057754e-01 -1.03943950e-10 -4.31217471e-08  1.46517864e-01 -2.25597264e-10 -2.09598960e-02 -1.10057735e-01 -3.24578368e-10 -2.09600142e-02  1.10057754e-01 -2.13338082e-10]
Atoms: 12  Mode #: 10 Freq: 605.7993005444407 cm-1,Mass weighted displacment dq is: 
 [ 2.13163667e-01 -2.23008548e-07 -3.62989847e-12  3.26810019e-01  3.11722991e-01  9.55295737e-11 -3.26809745e-01  3.11723020e-01 -2.82730834e-11 -2.13163667e-01  2.23032980e-07 -3.02225986e-11 -3.26810019e-01 -3.11722991e-01 -4.55454599e-11  3.26809745e-01 -3.11723020e-01 -1.04555305e-11 -9.80516109e-02 -6.44434885e-08 -7.18609304e-11  1.34400872e-01  2.08337655e-02 -4.27394699e-11 -1.34400853e-01  2.08336687e-02 -3.05492657e-11  9.80516109e-02  6.44532892e-08  8.64345019e-11 -1.34400872e-01 -2.08337655e-02  2.23454976e-13  1.34400853e-01 -2.08336687e-02  1.22015095e-11]
Atoms: 12  Mode #: 11 Freq: 653.7856143894553 cm-1,Mass weighted displacment dq is: 
 [ 2.75665080e-11 -2.65483948e-10 -1.13401359e-01  1.89405264e-10  2.64375231e-11 -1.13720464e-01  1.46522068e-10  5.49312986e-11 -1.13720464e-01  2.91430051e-11  2.29353127e-10 -1.13401359e-01 -1.27702075e-10  2.94962040e-11 -1.13720464e-01 -1.64187033e-10 -8.63004272e-12 -1.13720465e-01  3.06818081e-12 -7.13329864e-11  3.92544922e-01  3.26705522e-11  5.67938260e-11  3.91908106e-01  4.06015640e-11  1.59573643e-11  3.91908106e-01 -4.70509106e-11  5.40120278e-11  3.92544922e-01 -9.54329584e-12 -3.92210388e-11  3.91908106e-01 -9.65304203e-12  6.62530027e-11  3.91908106e-01]
Atoms: 12  Mode #: 12 Freq: 711.7892465630794 cm-1,Mass weighted displacment dq is: 
 [ 2.01130611e-11 -9.76703381e-12  3.61129565e-01  6.90179959e-11  3.49620420e-11 -3.60698722e-01 -1.20006650e-12  1.74048316e-11  3.60698723e-01 -1.43674783e-11 -3.94196721e-13 -3.61129565e-01 -1.59826158e-11 -2.28632876e-11  3.60698723e-01  1.18496012e-11 -2.22337087e-11 -3.60698723e-01 -6.13872558e-11 -4.73229758e-12  1.90374392e-01  2.39564088e-11  2.18373431e-12 -1.91227471e-01 -8.46917152e-12 -1.28596259e-11  1.91227471e-01 -2.86162501e-11 -3.14051989e-12 -1.90374392e-01  1.66333234e-12 -2.64220675e-11  1.91227471e-01  2.14577815e-12 -3.02106848e-12 -1.91227471e-01]
Atoms: 12  Mode #: 13 Freq: 827.9728518850407 cm-1,Mass weighted displacment dq is: 
 [-9.16882906e-13  7.04297854e-11 -2.65330494e-01 -3.10830660e-12  5.98942117e-11 -1.33088267e-01  3.71848315e-11  1.30360002e-11  1.33088270e-01  5.14287913e-13 -6.63449726e-11  2.65330494e-01 -3.85298455e-11 -7.63383522e-11  1.33088267e-01  9.21917280e-11 -1.05997331e-10 -1.33088271e-01 -2.91612844e-11  2.48777810e-11  5.13053693e-01  7.67676583e-12 -1.09665625e-11  2.55881475e-01  2.43943866e-11  2.57622167e-11 -2.55881482e-01 -1.01707697e-10 -2.38677212e-11 -5.13053693e-01 -5.94071909e-11  6.32657919e-11 -2.55881476e-01  1.38534874e-11 -5.63667845e-11  2.55881482e-01]
Atoms: 12  Mode #: 14 Freq: 828.0634708978151 cm-1,Mass weighted displacment dq is: 
 [-3.19866944e-11 -1.56400121e-10  1.94018861e-09  2.57555869e-11 -3.31461029e-11  2.30101936e-01  4.19003552e-11  5.72829099e-11  2.30101934e-01  3.15521136e-11  7.44110333e-11 -1.92221072e-09 -1.51119918e-11  1.18330944e-11 -2.30101936e-01 -1.34912341e-10  4.19602362e-11 -2.30101934e-01 -1.78935467e-11 -4.24380033e-11 -4.11292390e-09  3.65413441e-11 -4.06236333e-11 -4.43906636e-01  3.70428326e-11  6.42607925e-11 -4.43906632e-01  7.02530990e-13  9.07296630e-12  3.95561218e-09  5.79477170e-12 -3.78806082e-12  4.43906636e-01  1.33400039e-11  1.21674143e-10  4.43906632e-01]
Atoms: 12  Mode #: 15 Freq: 947.4103688930542 cm-1,Mass weighted displacment dq is: 
 [ 2.53323338e-11  7.02881315e-11 -3.17178116e-01 -9.80506104e-11 -6.66244407e-11  1.58659285e-01  5.46550229e-11 -1.71483846e-11  1.58659312e-01  2.61329650e-11  6.04099761e-11 -3.17178116e-01 -8.16109726e-11 -5.55016653e-11  1.58659286e-01  2.24363214e-11  9.28759031e-12  1.58659312e-01  8.11056084e-11  1.44704995e-11  4.82230035e-01 -1.16444057e-11 -5.81325631e-11 -2.41357277e-01  3.39653498e-11  3.28505847e-11 -2.41357318e-01  4.72639464e-11  2.11380148e-11  4.82230035e-01  7.75900801e-12 -6.30276094e-11 -2.41357278e-01  2.82649307e-11  2.66032330e-11 -2.41357317e-01]
Atoms: 12  Mode #: 16 Freq: 947.5192622045303 cm-1,Mass weighted displacment dq is: 
 [ 2.50572197e-12 -3.94838942e-11 -1.50386849e-08  7.09377327e-12 -3.46892283e-11  2.74834905e-01 -8.36697165e-11  3.03914695e-11 -2.74834890e-01  7.02067158e-11  1.82016068e-11 -1.50776268e-08  4.10025229e-11  2.39176399e-11  2.74834905e-01 -5.65182947e-11  2.92215214e-11 -2.74834890e-01  7.53267851e-11 -5.67553130e-12  2.28187429e-08  9.61572276e-12 -1.31578393e-11 -4.17691020e-01 -4.07731099e-11 -2.62719218e-11  4.17690998e-01  6.28641206e-11  2.18983343e-12  2.29759606e-08  2.30743857e-11 -2.94679863e-11 -4.17691021e-01 -1.21509389e-11  2.59371107e-11  4.17690998e-01]
Atoms: 12  Mode #: 17 Freq: 976.4706543011454 cm-1,Mass weighted displacment dq is: 
 [-2.25316923e-12 -1.11416239e-10 -1.90784021e-01  1.00045085e-10  3.77673112e-11  1.91023141e-01 -9.97764956e-11  5.31952023e-11 -1.91023141e-01 -3.74741142e-11 -5.45506154e-11  1.90784021e-01  8.69770800e-11  8.15866975e-11 -1.91023141e-01 -4.33304737e-11  1.61028069e-11  1.91023141e-01 -3.06776835e-11 -3.57636551e-11  3.60529341e-01  9.80379734e-12  3.59909372e-11 -3.60998871e-01 -4.25458329e-11  2.07006082e-13  3.60998871e-01  2.35211363e-11 -1.20645037e-11 -3.60529341e-01  2.89057339e-11  2.43352665e-11  3.60998871e-01 -4.87846737e-11 -6.86670196e-11 -3.60998871e-01]
Atoms: 12  Mode #: 18 Freq: 998.697129918374 cm-1,Mass weighted displacment dq is: 
 [-8.22581147e-12  3.92146480e-01  3.60565530e-11 -3.39911878e-01 -1.96171043e-01  5.32591221e-11  3.39911878e-01 -1.96171043e-01 -9.22625146e-11  1.20071059e-11  3.92146480e-01  5.99057588e-11 -3.39911878e-01 -1.96171043e-01 -7.83647883e-11  3.39911878e-01 -1.96171043e-01 -2.85533320e-11  8.53807577e-12  1.12730044e-01 -1.67972086e-11 -9.79446063e-02 -5.60377486e-02 -1.21900428e-10  9.79446063e-02 -5.60377485e-02  1.73059539e-10  4.35015536e-11  1.12730044e-01 -1.02042171e-10 -9.79446063e-02 -5.60377485e-02  1.86649066e-10  9.79446063e-02 -5.60377485e-02  4.01094792e-11]
Atoms: 12  Mode #: 19 Freq: 1014.5192353206965 cm-1,Mass weighted displacment dq is: 
 [ 6.79039097e-11  3.88861946e-01  5.30736238e-12  3.37157808e-01  1.94523947e-01  4.14790731e-11  3.37157808e-01 -1.94523947e-01 -3.72647277e-11  4.37737259e-11 -3.88861946e-01  2.96314651e-11 -3.37157808e-01 -1.94523947e-01 -1.91051555e-11 -3.37157808e-01  1.94523947e-01  6.70663093e-12  1.16800281e-10  1.23431742e-01 -1.52729405e-11  1.07095785e-01  6.15713862e-02 -7.35757838e-11  1.07095785e-01 -6.15713864e-02  3.95743997e-11  1.33676208e-10 -1.23431742e-01  1.31838893e-11 -1.07095785e-01 -6.15713865e-02  1.65685435e-11 -1.07095785e-01  6.15713863e-02  2.43215417e-12]
Atoms: 12  Mode #: 20 Freq: 1040.7315051634369 cm-1,Mass weighted displacment dq is: 
 [-1.18182164e-08 -2.99091634e-01  2.26295409e-11 -2.14497657e-01  7.35149639e-02  1.27026535e-11  2.14497678e-01  7.35149380e-02 -3.74978008e-11 -1.18075736e-08 -2.99091634e-01 -1.17133619e-11 -2.14497657e-01  7.35149637e-02  2.99903706e-11  2.14497678e-01  7.35149381e-02  1.68500026e-12 -2.65457539e-08 -9.33951345e-02 -2.26283464e-11 -2.32208619e-01  3.09154073e-01 -4.70658463e-11  2.32208615e-01  3.09154046e-01  6.57662125e-11 -2.66536781e-08 -9.33951346e-02 -1.78360991e-12 -2.32208619e-01  3.09154073e-01 -3.34295731e-11  2.32208615e-01  3.09154046e-01 -4.64503335e-11]
Atoms: 12  Mode #: 21 Freq: 1041.0854638146072 cm-1,Mass weighted displacment dq is: 
 [-1.97414295e-01  1.80584692e-08 -3.84305453e-11  1.74698693e-01  2.14919809e-01  8.67125970e-11  1.74698668e-01 -2.14919817e-01  7.83747268e-14 -1.97414295e-01  1.78514931e-08 -5.44518880e-11  1.74698693e-01  2.14919808e-01  3.08570849e-11  1.74698668e-01 -2.14919817e-01  1.86882649e-13 -4.43835687e-01  5.63855697e-09 -2.17881797e-11 -4.04021775e-02  2.31681331e-01 -1.28989338e-10 -4.04022053e-02 -2.31681368e-01 -2.90348793e-11 -4.43835687e-01  5.57160939e-09  1.69377507e-10 -4.04021776e-02  2.31681331e-01 -4.25801842e-11 -4.04022054e-02 -2.31681368e-01  5.77210670e-11]
Atoms: 12  Mode #: 22 Freq: 1125.6081414230634 cm-1,Mass weighted displacment dq is: 
 [ 6.07239643e-02  3.76919280e-11  2.24339881e-12 -3.02572817e-02  5.33399466e-02 -2.51736240e-11 -3.02572816e-02 -5.33399466e-02  7.54376398e-11  6.07239643e-02  5.36554997e-12 -3.90895017e-11 -3.02572817e-02  5.33399465e-02 -1.83077265e-11 -3.02572816e-02 -5.33399466e-02 -3.04139847e-11  4.02940676e-01  1.28270824e-11  2.65446097e-11 -2.01834482e-01  3.49968420e-01 -4.36432481e-12 -2.01834482e-01 -3.49968420e-01 -6.39452713e-11  4.02940676e-01  1.56338048e-12  2.68825341e-11 -2.01834482e-01  3.49968420e-01  6.33830118e-11 -2.01834482e-01 -3.49968420e-01  6.52915489e-11]
Atoms: 12  Mode #: 23 Freq: 1151.8614120178236 cm-1,Mass weighted displacment dq is: 
 [ 9.17501021e-08 -2.99197909e-02  2.81127448e-11  8.89265803e-02 -1.24699543e-01  1.35784772e-11  8.89266029e-02  1.24699636e-01 -2.07914398e-11 -9.17396503e-08  2.99197909e-02 -2.27688136e-11 -8.89265803e-02  1.24699543e-01  3.37312978e-11 -8.89266029e-02 -1.24699636e-01 -6.76771452e-13  2.86142610e-07 -8.31114547e-03 -6.40198346e-11  2.41210072e-01 -4.09728574e-01 -2.05617381e-11  2.41210209e-01  4.09728825e-01  2.02317991e-11 -2.85961543e-07  8.31114546e-03  3.25265949e-11 -2.41210072e-01  4.09728574e-01 -3.17250260e-11 -2.41210209e-01 -4.09728825e-01 -3.53936797e-11]
Atoms: 12  Mode #: 24 Freq: 1151.8655884502166 cm-1,Mass weighted displacment dq is: 
 [-1.76091036e-01 -1.56272580e-08 -3.03549595e-11  2.16533930e-02 -8.91893985e-02 -2.13596236e-11 -2.16533003e-02 -8.91892685e-02 -2.33540614e-12  1.76091036e-01  1.55640747e-08  3.28711405e-12 -2.16533930e-02  8.91893985e-02  1.33188020e-11  2.16533003e-02  8.91892685e-02  6.38751315e-12 -5.48996440e-01 -4.34320439e-09  5.28805811e-11  1.30993672e-01 -2.41277055e-01  5.83588454e-11 -1.30993421e-01 -2.41276628e-01  5.90062263e-12  5.48996440e-01  4.32108240e-09  1.61105669e-12 -1.30993672e-01  2.41277055e-01 -1.24633271e-11  1.30993421e-01  2.41276628e-01 -1.61630369e-12]
Atoms: 12  Mode #: 25 Freq: 1317.4368815600342 cm-1,Mass weighted displacment dq is: 
 [ 1.87957130e-01 -3.14464987e-11 -9.71039008e-12  9.39046884e-02 -1.62574858e-01 -1.99440360e-11 -9.39046884e-02 -1.62574858e-01  2.38531608e-11 -1.87957130e-01 -6.51963645e-11  1.43134780e-11 -9.39046885e-02  1.62574858e-01  4.94289863e-12  9.39046885e-02  1.62574858e-01 -2.32221068e-11 -3.62474415e-01 -8.29617211e-12  1.73779020e-11 -1.81208414e-01  3.13937961e-01  6.25411255e-12  1.81208414e-01  3.13937961e-01 -4.54651916e-11  3.62474415e-01 -2.58961125e-11  8.68228837e-13  1.81208414e-01 -3.13937961e-01 -3.37880144e-11 -1.81208414e-01 -3.13937961e-01  8.22204344e-11]
Atoms: 12  Mode #: 26 Freq: 1388.7349965964722 cm-1,Mass weighted displacment dq is: 
 [-4.03821544e-01 -2.21161943e-11 -4.30719840e-12  2.01907063e-01 -3.49418987e-01  1.89950086e-12  2.01907063e-01  3.49418987e-01  2.02368121e-13 -4.03821544e-01 -1.09198763e-11 -5.80939121e-12  2.01907063e-01 -3.49418987e-01  1.21602863e-11  2.01907063e-01  3.49418987e-01 -9.83408304e-12  6.10515190e-02 -3.43168943e-12  1.23749793e-11 -3.05135456e-02  5.30025413e-02  1.77246514e-11 -3.05135456e-02 -5.30025413e-02  1.30130567e-11  6.10515191e-02 -2.87147119e-12  1.00766600e-11 -3.05135455e-02  5.30025413e-02 -9.73876574e-12 -3.05135456e-02 -5.30025413e-02  1.90079734e-11]
Atoms: 12  Mode #: 27 Freq: 1466.1629037492087 cm-1,Mass weighted displacment dq is: 
 [ 3.29211099e-08  2.47550094e-01 -1.28729180e-12  2.69622963e-01 -2.19147219e-01  8.72270542e-13 -2.69622979e-01 -2.19147171e-01 -4.36682096e-12  3.28804344e-08  2.47550094e-01 -6.72522334e-12  2.69622963e-01 -2.19147219e-01  1.14863831e-11 -2.69622979e-01 -2.19147171e-01  1.02599635e-11 -3.09938312e-08  8.68083436e-02  1.08718089e-11 -1.14793662e-01  2.85818152e-01  6.13149449e-12  1.14793635e-01  2.85818132e-01 -1.07824107e-12 -3.08815795e-08  8.68083436e-02 -1.14800027e-11 -1.14793662e-01  2.85818152e-01 -1.03058498e-11  1.14793635e-01  2.85818132e-01 -3.70003393e-11]
Atoms: 12  Mode #: 28 Freq: 1466.22681543102 cm-1,Mass weighted displacment dq is: 
 [ 3.74659464e-01 -2.17414997e-08 -2.05466290e-12 -9.19491905e-02 -2.69568623e-01  1.72499820e-11 -9.19491431e-02  2.69568661e-01 -1.44044421e-11  3.74659464e-01 -2.17275362e-08  2.84469670e-12 -9.19491905e-02 -2.69568623e-01 -5.35043851e-12 -9.19491431e-02  2.69568661e-01  8.43255501e-12 -3.52140217e-01 -7.63339663e-09 -1.24969594e-11 -1.53181987e-01  1.15009325e-01 -9.07390549e-12 -1.53182007e-01 -1.15009376e-01 -6.79222441e-12 -3.52140217e-01 -7.61745308e-09  2.12374981e-11 -1.53181987e-01  1.15009325e-01 -1.68933171e-12 -1.53182007e-01 -1.15009376e-01 -2.59212081e-11]
Atoms: 12  Mode #: 29 Freq: 1617.8443555968483 cm-1,Mass weighted displacment dq is: 
 [ 1.31307729e-08  2.21216465e-01 -7.84551829e-13  1.23727358e-01 -4.35419261e-01 -6.83712852e-12  1.23727373e-01  4.35419267e-01  6.69493601e-12 -1.31119676e-08 -2.21216465e-01 -4.07708796e-13 -1.23727358e-01  4.35419261e-01 -7.17114277e-13 -1.23727373e-01 -4.35419267e-01  2.15838590e-12 -3.87017859e-09  7.19143421e-02 -2.66198489e-12 -9.58279503e-02  9.41509872e-02  9.54840789e-12 -9.58279494e-02 -9.41509922e-02 -1.04267778e-11  3.83167163e-09 -7.19143421e-02  1.02373808e-11  9.58279503e-02 -9.41509872e-02  8.76392742e-12  9.58279494e-02  9.41509922e-02  2.11423013e-12]
Atoms: 12  Mode #: 30 Freq: 1617.9493845736117 cm-1,Mass weighted displacment dq is: 
 [-5.06762494e-01  5.73263311e-09  6.62497374e-12  2.92693395e-01 -1.23650863e-01 -3.34126897e-12 -2.92693389e-01 -1.23650840e-01  1.06099155e-11  5.06762494e-01 -5.73834496e-09 -2.18909453e-12 -2.92693395e-01  1.23650863e-01 -1.13794296e-11  2.92693389e-01  1.23650840e-01  1.18213849e-12  1.49397146e-01  1.86592280e-09 -3.35800155e-12  1.65708179e-02  9.59301159e-02  5.50303097e-12 -1.65708228e-02  9.59301110e-02 -2.80271446e-11 -1.49397146e-01 -1.86305268e-09  5.00362438e-12 -1.65708179e-02 -9.59301158e-02  2.19352166e-11  1.65708228e-02 -9.59301110e-02 -1.83100430e-11]
Atoms: 12  Mode #: 31 Freq: 3091.6283305555553 cm-1,Mass weighted displacment dq is: 
 [ 2.06262226e-12 -1.12598853e-01  1.95222381e-12  9.77957777e-02  5.64267360e-02  3.10734898e-13 -9.77957777e-02  5.64267360e-02  3.04619450e-12  3.26363278e-12 -1.12598853e-01  4.90694658e-13  9.77957777e-02  5.64267360e-02 -6.66610757e-12 -9.77957777e-02  5.64267360e-02 -3.56178995e-12 -1.78276321e-12  3.91718661e-01  7.81109618e-13 -3.40082740e-01 -1.96302659e-01 -5.08898149e-12  3.40082740e-01 -1.96302659e-01 -3.11620893e-12 -1.53153385e-12  3.91718661e-01  4.65223952e-12 -3.40082739e-01 -1.96302659e-01  9.41993605e-12  3.40082740e-01 -1.96302659e-01  7.65607724e-12]
Atoms: 12  Mode #: 32 Freq: 3101.197443096215 cm-1,Mass weighted displacment dq is: 
 [-6.83995838e-03 -5.52974448e-09 -1.24567928e-12  1.24127065e-01  6.76982879e-02  3.44785975e-12 -1.24127060e-01  6.76982847e-02 -3.15798986e-12  6.83995839e-03  5.59259854e-09 -2.19793881e-12 -1.24127065e-01 -6.76982879e-02  2.35025592e-12  1.24127060e-01 -6.76982847e-02 -1.62679123e-12  1.68585158e-03  1.87642465e-08 -8.23964068e-13 -4.15753107e-01 -2.39027120e-01  1.18923623e-12  4.15753091e-01 -2.39027110e-01  2.28683541e-12 -1.68585158e-03 -1.89768566e-08  2.10161928e-12  4.15753107e-01  2.39027120e-01  2.26447857e-12 -4.15753091e-01  2.39027110e-01 -1.08838547e-12]
Atoms: 12  Mode #: 33 Freq: 3101.287602417894 cm-1,Mass weighted displacment dq is: 
 [-2.43416133e-10  1.62880427e-01 -3.41975863e-12 -6.80026801e-02 -4.60885440e-02 -5.46240071e-13 -6.80026887e-02  4.60885487e-02  9.40628541e-13  2.21377847e-10 -1.62880427e-01  1.74750114e-12  6.80026803e-02  4.60885441e-02 -2.61683646e-12  6.80026887e-02 -4.60885487e-02 -1.69984519e-12  6.23620480e-11 -5.52695308e-01  7.02634920e-12  2.39984326e-01  1.40206728e-01  3.38910800e-12  2.39984354e-01 -1.40206744e-01 -1.59705105e-12 -4.90628074e-11  5.52695308e-01 -4.82382120e-13 -2.39984326e-01 -1.40206728e-01  3.88004747e-12 -2.39984355e-01  1.40206744e-01  7.17599041e-12]
Atoms: 12  Mode #: 34 Freq: 3114.167520808465 cm-1,Mass weighted displacment dq is: 
 [ 1.16446169e-02 -7.56316613e-08  1.34095278e-12 -1.24823678e-01 -7.87619543e-02  1.51093605e-12 -1.24823608e-01  7.87619242e-02 -1.93211869e-12  1.16446169e-02 -7.58851216e-08 -2.78804324e-12 -1.24823678e-01 -7.87619542e-02  2.57580000e-12 -1.24823608e-01  7.87619242e-02 -2.35259937e-12 -3.84543978e-03  2.44951470e-07  1.53574118e-14  4.12711853e-01  2.40435992e-01  2.70891701e-12  4.12711639e-01 -2.40435873e-01  9.50315550e-13 -3.84543979e-03  2.45807546e-07 -5.45204607e-12  4.12711853e-01  2.40435992e-01 -5.87147673e-13  4.12711639e-01 -2.40435873e-01 -1.54791061e-12]
Atoms: 12  Mode #: 35 Freq: 3114.183227024295 cm-1,Mass weighted displacment dq is: 
 [ 5.17481721e-09  1.70416113e-01  3.81219453e-13  7.86771674e-02  3.37748806e-02  4.90290641e-13 -7.86772782e-02  3.37749506e-02 -4.83879686e-13  5.17484908e-09  1.70416113e-01  3.24743380e-12  7.86771673e-02  3.37748806e-02 -3.10335393e-12 -7.86772784e-02  3.37749507e-02  1.18471038e-12 -1.70587903e-09 -5.51983706e-01 -3.09152254e-12 -2.40108461e-01 -1.34733547e-01 -1.36888370e-12  2.40108827e-01 -1.34733760e-01 -8.89252499e-13 -1.70933173e-09 -5.51983705e-01  8.99139547e-13 -2.40108460e-01 -1.34733547e-01 -3.43450100e-13  2.40108828e-01 -1.34733761e-01  1.37610597e-12]
Atoms: 12  Mode #: 36 Freq: 3122.321963646073 cm-1,Mass weighted displacment dq is: 
 [ 3.41197128e-12 -1.23951961e-01 -3.38117636e-12 -1.06771195e-01 -6.16121636e-02  2.09798756e-12 -1.06771196e-01  6.16121636e-02 -6.51673228e-12  3.82332421e-12  1.23951961e-01  1.40236499e-12  1.06771195e-01  6.16121636e-02  7.36116273e-12  1.06771195e-01 -6.16121635e-02  9.93296833e-12  9.95441798e-13  3.90620365e-01  5.87193559e-12  3.36353031e-01  1.94155381e-01  4.43041575e-12  3.36353032e-01 -1.94155382e-01 -9.90791402e-12 -1.17078710e-12 -3.90620366e-01 -4.75232285e-13 -3.36353031e-01 -1.94155381e-01  1.08817453e-12 -3.36353031e-01  1.94155381e-01 -2.07015311e-11]
